03624134
02747177
02942699
03325088
04554684
03759954
03211117
04330267
03991062
02858304
03761084
03593526
02992529
04225987
02801938
02876657
02871439
03261776
02880940
02828884
02933112
04460130
03337140
04074963
02691156
02843684
03001627
04256520
02834778
03085013
03928116
03797390
03691459
02818832
02958343
04099429
02946921
04530566
03046257
03938244
03642806
04401088
02924116
04004475
04379243
03636649
04468005
03207941
03513137
02773838
02808440
04090263
03467517
03790512
02954340
03710193
render_name.txt
03948459
